               0.0654916675            1429.1900000000       118413167.2971297204        69636473.9159239531              53.1297712273              61.7413360832              61.7413360832
               0.1309833349            8585.7600000000        17016992.6017016768        14114033.7210848220              61.3469690053              87.4386746205              87.4386746205
               0.1964750024           23250.4000000000        31609547.3681822345        12865416.0450131558              68.8227514614             104.4314883463             104.4314883463
               0.2619666698           39103.8000000000        48201479.8291587383        11742621.2258372027              75.3868385304             114.0147772291             114.0147772291
               0.3274583373           61790.3000000000        66110425.1995951906        29942676.9425390735              81.3128478953             119.9642816165             119.9642816165
               0.3929500047           83285.2000000000        83880601.6217322350        27185175.1189440861              86.5073426502             125.1449601701             125.1449601701
               0.4584416722          110802.0000000000       101220494.7521989048        40859329.9095060751              91.2024494717             128.8342122205             128.8342122205
               0.5239333396          145615.0000000000       117946205.8569370955        47863473.8588574305              95.3916833068             127.2478362496             127.2478362496
               0.5894250071          184163.0000000000       133764082.0165012032        34434058.9847573712              99.0835844974             129.8995842760             129.8995842760
               0.6549166745          227210.0000000000       149196080.3425321281        91660695.9725465775             102.4511483034             133.2323237857             133.2323237857
               0.7204083420          272055.0000000000       163849831.0841043293        68315829.4314622581             105.4395182517             133.8609671047             133.8609671047
               0.7859000094          317916.0000000000       178050584.9873976111        99499336.2922705412             108.1815210212             135.5071639895             135.5071639895
               0.8513916769          367886.0000000000       191504326.6446229815       104025455.3615126610             110.6328167903             135.8543881727             135.8543881727
               0.9168833443          414708.0000000000       204535853.6992839873       109719751.2041657418             112.8972269986             133.1042507694             133.1042507694
               0.9823750118          468772.0000000000       216846690.6240756810       126920987.5776397288             114.9349842078             129.0265803104             129.0265803104
               1.0478666792          512218.0000000000       228902889.4804298580       137938950.3105590343             116.8292440846             126.1921547099             126.1921547099
               1.1133583467          558029.0000000000       240848920.0000000000       152575335.7847533822             118.5445247786             125.5498921813             125.5498921813
               1.1788500141          594349.0000000000       253029720.0000000298       170765789.5964125991             120.1486456769             129.8236520428             129.8236520428
               1.2443416816          632491.0000000000       265754007.9863091707       183239844.8374215662             121.6091105616             132.7469257642             132.7469257642
               1.3098333490          668988.0000000000       278810750.7130633593       194851414.7176269293             122.9826027007             134.0120339952             134.0120339952
               1.3753250165          694766.0000000000       292661796.6654316187       205386010.0778065920             124.2570376122             137.9459065391             137.9459065391
               1.4408166839          728949.0000000000       306330369.7665802240       215738704.7054464817             125.4259557925             139.9714304429             139.9714304429
               1.5063083514          765360.0000000000       321079081.8292025924       218310561.6918103397             126.5325188057             140.6322532751             140.6322532751
               1.5718000188          817545.0000000000       335687737.4730603099       220178543.6422413886             127.5520056670             141.9730695571             141.9730695571
               1.6372916863          872568.0000000000       351096471.1827034354       231397178.2936240137             128.5212013792             139.4177442562             139.4177442562
               1.7027833537          933564.0000000000       366570367.9794206023       247105195.1368898153             129.4174614857             134.3367355999             134.3367355999
               1.7682750212          994858.0000000000       382494751.0856251717       262618914.5418104827             130.2725273651             127.5821624038             127.5821624038
               1.8337666886         1056250.0000000000       399170490.8139405251       276031338.4923727512             131.0661423230             120.8383022458             120.8383022458
               1.8992583561         1113040.0000000000       416101875.7933414578       289649379.8574768901             131.8262491718             115.9931857781             115.9931857781
               1.9647500235         1163410.0000000000       432238998.2290138602       298289392.1975408792             132.5332105553             117.4423759227             117.4423759227
               2.0302416910         1198830.0000000000       447960845.2158073187       301070478.0650711060             133.2125877645             117.6218587024             117.6218587024
               2.0957333584         1218410.0000000000       463440525.4263016582       303808726.3067348003             133.8463796431             118.9909302422             118.9909302422
               2.1612250259         1242260.0000000000       478476822.9257742167       310848845.2441213131             134.4572015153             123.8581708078             123.8581708078
               2.2267166933         1244790.0000000000       492629500.4371635318       323298571.7178224921             135.0368956801             123.9658041173             123.9658041173
               2.2922083608         1258630.0000000000       506576911.7389903665       335567731.0754222274             135.5802708176             123.5344395924             123.5344395924
               2.3577000282         1275210.0000000000       520409267.8377248645       347013259.0547888279             136.1053980771             123.4917654398             123.4917654398
               2.4231916957         1301190.0000000000       532133207.6955249310       352345149.9790882468             136.5986727581             123.4649255640             123.4649255640
               2.4886833631         1334090.0000000000       544035082.5595985651       357757963.3626098037             137.0765648692             124.0743928052             124.0743928052
               2.5541750306         1390010.0000000000       555753630.4475115538       363087402.0911752582             137.5260684706             125.3867987108             125.3867987108
               2.6196666980         1456830.0000000000       565799734.6286931038       369236794.0986349583             137.9626983516             125.7346928675             125.7346928675
               2.6851583655         1525300.0000000000       573874677.4021825790       376009422.7156926394             138.3741182462             126.0553957792             126.0553957792
               2.7506500329         1598720.0000000000       582075945.9675272703       382888003.4982318878             138.7744346421             126.2904395924             126.2904395924
               2.8161417004         1660580.0000000000       590154604.2054830790       389663748.3554508090             139.1525363301             125.7017554585             125.7017554585
               2.8816333678         1723950.0000000000       596671372.0230894089       393960648.1628702879             139.5207797922             126.6444439131             126.6444439131
               2.9471250353         1760060.0000000000       601434544.3296118975       395652522.2771421671             139.8692148623             128.2899723435             128.2899723435
               3.0126167027         1788670.0000000000       606269288.3757907152       397369818.6028827429             140.2091547659             128.5116026201             128.5116026201
               3.0781083702         1783940.0000000000       611033191.0061870813       399061952.1274757385             140.5313470591             129.0117903930             129.0117903930
               3.1436000376         1795580.0000000000       615692445.1985923052       401028843.6400201321             140.8460960770             129.6350322279             129.6350322279
               3.2090917051         1775320.0000000000       618778508.6098542213       405235844.5198591948             141.1492849732             130.2071168521             130.2071168521
               3.2745833725         1751910.0000000000       621817502.7966314554       409378679.4243338108             141.4370709110             134.7839609066             134.7839609066
               3.3400750400         1746400.0000000000       624903100.1759678125       413585044.9974861741             141.7189057464             138.5464199418             138.5464199418
               3.4055667075         1725580.0000000000       627942560.3946707249       417728515.2086475492             141.9868447364             137.4634885631             137.4634885631
               3.4710583749         1726150.0000000000       630874608.8620975018       421530428.0490243435             142.2495249485             139.1654459923             139.1654459923
               3.5365500424         1714450.0000000000       633340831.5287261009       424163972.2595205903             142.4995510130             141.8041588688             141.8041588688
               3.6020417098         1724470.0000000000       635844489.9580036402       426837492.0721080899             142.7449521156             145.1979548763             145.1979548763
               3.6675333773         1722490.0000000000       638310712.6246321201       429471036.2826043367             142.9787918752             146.7489340819             146.7489340819
               3.7330250447         1741050.0000000000       640814371.0539096594       432144556.0951918364             143.2085538371             146.9950531240             146.9950531240
               3.7985167122         1745850.0000000000       643280593.7205382586       434778100.3056880832             143.4277202924             145.8315483938             145.8315483938
               3.8640083796         1768690.0000000000       644133252.6359528303       432813535.4230509400             143.6432831601             144.0356353712             144.0356353712
               3.9295000471         1771780.0000000000       644855466.0572378635       430545731.0549005270             143.8492007714             145.0355782306             145.0355782306
               3.9949917145         1798040.0000000000       645587641.0429543257       428246646.6264997721             144.0516504058             148.2981164483             148.2981164483
               4.0604833820         1794230.0000000000       646320812.1851140261       425944434.1920739412             144.2482944321             146.0019617384             146.0019617384
               4.1259750494         1790840.0000000000       647042250.8180543184       423679062.7174985409             144.4361123986             145.4049577875             145.4049577875
               4.1914667169         1804130.0000000000       647575719.8913941383       421733407.8621178269             144.6214904750             146.1880122674             146.1880122674
               4.2569583843         1801280.0000000000       646028204.6511627436       423520837.2093023062             144.7986712745             148.5820338913             148.5820338913
               4.3224500518         1816870.0000000000       644455285.2791877985       425337609.1370558739             144.9736946383             155.0866252859             155.0866252859
               4.3879417192         1815210.0000000000       642906108.0864124298       427126958.0923149586             145.1412901683             161.5213626534             161.5213626534
               4.4534333867         1833070.0000000000       641335088.0887734890       428941536.1822689176             145.3065969436             160.5506216469             160.5506216469
               4.5189250541         1832940.0000000000       639785673.4742060900       430731159.3672530055             145.4652267575             161.6100328516             161.6100328516
               4.5844167216         1848280.0000000000       638215365.7419431210       432544914.7680321336             145.6217116189             162.7635240175             162.7635240175
               4.6499083890         1843510.0000000000       637251069.1549869776       431838453.9503337741             145.7721212997             162.3786266376             162.3786266376
               4.7154000565         1856350.0000000000       636609273.6580026150       429694734.9058831334             145.9205321430             162.2396458052             162.2396458052
               4.7808917239         1851790.0000000000       635976114.3568500280       427579862.3983172774             146.0631924867             160.2700011437             160.2700011437
               4.8463833914         1865770.0000000000       635333930.7162327766       425434846.8802987933             146.2042224040             154.7660105011             154.7660105011
               4.9118750588         1864440.0000000000       634700771.4150801897       423319974.3727329373             146.3397928762             159.5633836556             159.5633836556
               4.9773667263         1892510.0000000000       634058005.5590134859       421173014.1443626285             146.4740190002             161.8828589250             161.8828589250
               5.0428583937         1898940.0000000000       633416113.0261209011       419028970.9815200567             146.6047678600             159.1464949579             159.1464949579
               5.1083500612         1909040.0000000000       631817921.1707316637       417411552.0780487657             146.7306857716             156.0847978790             156.0847978790
               5.1738417286         1941590.0000000000       629418450.9268292189       416175547.3951219320             146.8552415258             155.4685608235             155.4685608235
               5.2393333961         1951080.0000000000       627050538.3414634466       414955798.5560975671             146.9752642100             157.1336989292             157.1336989292
               5.3048250635         1980080.0000000000       624651430.8292683363       413719980.7219512463             147.0940375127             156.0362933777             156.0362933777
               5.3703167310         1983310.0000000000       622284243.7073171139       412500605.5804877877             147.2085338985             152.7033878145             152.7033878145
               5.4358083984         2001230.0000000000       619881508.8780487776       411262919.2585365772             147.3221038737             147.8261015698             147.8261015698
               5.5013000659         1992940.0000000000       617516860.8780487776       410044852.0585365891             147.4313584964             144.1569191184             144.1569191184
               5.5667917333         1998290.0000000000       615114126.0487804413       408807165.7365853786             147.5399025043             139.8021002287             139.8021002287
               5.6322834008         1977100.0000000000       613899248.5631164312       406542675.5836230516             147.6443745492             135.4744667290             135.4744667290
               5.6977750682         1972090.0000000000       613035115.7312140465       403904685.0918896198             147.7482180463             132.3470406529             132.3470406529
               5.7632667357         1943850.0000000000       612184680.6570638418       401308510.5726246834             147.8482139430             132.4248548706             132.4248548706
               5.8287584031         1942530.0000000000       611320547.8251614571       398670520.0808912516             147.9476549573             134.7138465377             134.7138465377
               5.8942500706         1913130.0000000000       610457719.5416164398       396036512.0627261400             148.0448368408             139.8108488251             139.8108488251
               5.9597417380         1883760.0000000000       609606501.7384517193       393437948.0593202114             148.1387105780             141.6848257434             141.6848257434
               6.0252334055         1874230.0000000000       608742238.4517135620       390799559.3202298880             148.2320531686             147.0376578646             147.0376578646
               6.0907250729         1850040.0000000000       607891933.8323990107       388203783.0483218431             148.3220103245             160.2186679489             160.2186679489
               6.1562167404         1843590.0000000000       607087229.1132504940       385656582.2650089860             148.4115801067             157.3531846538             157.3531846538
               6.2217084078         1822650.0000000000       606546475.7873349190       383533515.7466982603             148.4979634134             151.0803853192             151.0803853192
               6.2872000753         1816980.0000000000       605997012.6747617722       381376253.4952349067             148.5839963946             143.0128519443             143.0128519443
               6.3526917427         1796770.0000000000       605456259.3488461971       379253186.9769241810             148.6670018218             147.5208108951             147.5208108951
               6.4181834102         1790630.0000000000       604907045.0873204470       377096901.7464080453             148.7496658646             148.3811278852             148.3811278852
               6.4836750776         1769500.0000000000       604366042.9103574753       374972858.2071501017             148.8295243873             144.9352161347             144.9352161347
               6.5491667451         1761020.0000000000       603816828.6488317251       372816572.9766339660             148.9090474327             149.9118072565             149.9118072565
               6.6146584125         1738750.0000000000       603275826.4718687534       370692529.4373760223             148.9858999197             151.4684504055             151.4684504055
               6.6801500800         1727890.0000000000       602726612.2103430033       368536244.2068598866             149.0624572750             151.2659851320             151.2659851320
               6.7456417475         1720850.0000000000       602185610.0333801508       366412200.6676020026             149.1364699685             158.9061778956             158.9061778956
               6.8111334149         1689000.0000000000       599227758.1798992157       363877217.0458543897             149.2102241602             165.3286440378             165.3286440378
               6.8766250824         1676160.0000000000       595455100.0351823568       361213187.4926703572             149.2826565559             170.1424996881             170.1424996881
               6.9421167498         1654930.0000000000       591742243.9896799326       358591386.6688167453             149.3526532061             171.1266531503             171.1266531503
               7.0076084173         1642930.0000000000       587971864.0201712847       355928965.8291310072             149.4224623025             170.5056144729             170.5056144729
               7.0731000847         1624590.0000000000       584257299.3432625532       353305958.4701536298             149.4900176980             168.9784432893             168.9784432893
               7.1385917522         1616050.0000000000       580486349.8299520016       350643135.4520933628             149.5573923536             166.6009680840             166.6009680840
               7.2040834196         1601160.0000000000       576771785.1530432701       348020128.0931159854             149.6226023793             168.1216986900             168.1216986900
               7.2695750871         1592130.0000000000       573000835.6397325993       345357305.0750557184             149.6876579515             166.3880471983             166.3880471983
               7.3350667545         1576780.0000000000       569286270.9628239870       342734297.7160783410             149.7506424462             155.7476743944             155.7476743944
               7.4005584220         1565520.0000000000       565515321.4495133162       340071474.6980180740             149.8134964377             147.3491234144             147.3491234144
               7.4660500894         1549490.0000000000       561557070.9278460741       337393400.8849321604             149.8743394612             147.0332173009             147.0332173009
               7.5315417569         1536140.0000000000       557119589.4661086798       334576916.4112269282             149.9351293471             158.5367182366             158.5367182366
               7.5970334243         1518530.0000000000       552752448.5166724920       331805077.2982914448             149.9939640469             163.5751713276             163.5751713276
               7.6625250918         1513930.0000000000       548314967.0549350977       328988592.8245861530             150.0527637005             166.7914516532             166.7914516532
               7.7280167592         1488400.0000000000       543879495.3221206665       326173383.9326171875             150.1105710905             168.3066693699             168.3066693699
               7.7935084267         1471810.0000000000       539510344.6437615156       323400269.2379454374             150.1665931717             167.0331908921             167.0331908921
               7.8590000941         1461090.0000000000       535074872.9109470248       320585060.3459764719             150.2225532253             160.4903836158             160.4903836158
               7.9244917616         1443870.0000000000       530705722.2325878739       317811945.6513047218             150.2767991450             151.0646908335             151.0646908335
               7.9899834290         1431530.0000000000       526270250.4997735023       314996736.7593358159             150.3309988887             156.4631405649             156.4631405649
               8.0554750965         1412360.0000000000       521903779.4599781036       312225322.8403123617             150.3835196921             161.7776089759             161.7776089759
               8.1209667639         1397690.0000000000       517465628.0885999203       309408413.1726951003             150.4360727595             167.1793201178             167.1793201178
               8.1864584314         1374900.0000000000       513099157.0488045216       306636999.2536716461             150.4869793443             172.4937885289             172.4937885289
               8.2519500988         1358050.0000000000       508579620.7473103404       304515870.2142096162             150.5379294623             173.5473723227             173.5473723227
               8.3174417663         1332190.0000000000       504129886.9584181309       302456290.8791314960             150.5872950179             173.1413068926             173.1413068926
               8.3829334337         1314590.0000000000       499607788.6740332246       300363217.3112339377             150.6367069202             174.3519308660             174.3519308660
               8.4484251012         1285770.0000000000       495152593.4137831330       298301110.1095280051             150.6846587388             174.4287145976             174.4287145976
               8.5139167686         1274650.0000000000       490635273.9168363810       296210248.4249297380             150.7325568714             174.1641859534             174.1641859534
               8.5794084361         1243910.0000000000       486115223.6842105985       294118122.8070175648             150.7797720827             173.8994974007             173.8994974007
               8.6449001035         1214350.0000000000       481664807.2113986611       292058227.4886110425             150.8255794890             173.6173467096             173.6173467096
               8.7103917710         1195360.0000000000       477142708.9270137548       289965153.9207134247             150.8714482509             172.9689270119             172.9689270119
               8.7758834384         1163990.0000000000       472692292.4542018175       287905258.6023069024             150.9159385480             171.7631356831             171.7631356831
               8.8413751059         1143570.0000000000       468170194.1698169112       285812185.0344092846             150.9604978123             171.9904363239             171.9904363239
               8.9068667733         1109660.0000000000       463719777.6970049143       283752289.7160027027             151.0037269325             172.3580174672             172.3580174672
               8.9723584408         1087720.0000000000       459197679.4126198888       281659216.1481050253             151.0470319194             172.7450717405             172.7450717405
               9.0378501082         1051320.0000000000       454753919.2439863086       279838386.2344700098             151.0890910819             173.2944123518             173.2944123518
               9.1033417757         1028710.0000000000       450264357.3883161545       278339606.9918054342             151.1311366131             172.6638961431             172.6638961431
               9.1688334431          990914.0000000000       445833841.9243986607       276860539.5849854946             151.1720551997             170.8514605947             170.8514605947
               9.2343251106          966960.0000000000       441344958.7628865838       275361986.9151467085             151.2129433607             166.8375369100             166.8375369100
               9.2998167780          928174.0000000000       436913764.6048110127       273882692.9355009198             151.2527553028             168.9881116656             168.9881116656
               9.3653084455          906470.0000000000       432424881.4432989359       272384140.2656621933             151.2925389894             171.4808494646             171.4808494646
               9.4308001129          860914.0000000000       427928532.6460480690       270883095.2947396040             151.3318485254             150.3936652459             150.3936652459
               9.4962917804          841277.0000000000       423500053.2646048069       269404707.6063970327             151.3700467432             145.0405335829             145.0405335829
               9.5617834478          806117.0000000000       419009134.0206184983       267905475.2180808783             151.4082690664             146.7558384279             146.7558384279
               9.6272751153          769039.0000000000       414579975.9450172186       266426860.9569125175             151.4454683098             147.9351052194             147.9351052194
               9.6927667827          745462.0000000000       410091092.7835051417       264928308.2870737314             151.4826750672             143.6811500156             143.6811500156
               9.7582584502          710838.0000000000       405659898.6254295707       263449014.3074279726             151.5189252987             139.8402570894             139.8402570894
               9.8237501176          687402.0000000000       401171015.4639174938       261950461.6375892162             151.5551722921             141.2968739896             141.2968739896
               9.8892417851          652204.0000000000       396739821.3058419228       260471167.6579434276             151.5904934067             142.7347711382             142.7347711382
               9.9547334525          626497.0000000000       393265208.0821834803       259376800.4685904086             151.6258066500             144.1909475736             144.1909475736
              10.0202251200          591975.0000000000       390489399.0628191233       258557363.0774776340             151.6602392550             145.6290649546             145.6290649546
              10.0857167875          564974.0000000000       387675332.3387467861       257726631.7560125589             151.6947058689             147.0870032490             147.0870032490
              10.1512084549          530928.0000000000       384903774.1754610538       256908449.2460500002             151.7282263908             148.5229183063             148.5229183063
              10.2167001224          503276.0000000000       382089707.4513887763       256077717.9245849848             151.7618371403             149.9808566007             149.9808566007
              10.2821917898          472897.0000000000       379318149.2881029844       255259535.4146224260             151.7945304117             151.4167716580             151.4167716580
              10.3476834573          451167.0000000000       376499831.7079520226       254427549.2120071352             151.8273659744             152.8769122761             152.8769122761
              10.4131751247          425266.0000000000       373690015.8399583101       253598072.7716923356             151.8596991919             154.3326482468             154.3326482468
              10.4786667922          402690.0000000000       370914206.8205940127       252778635.3805795312             151.8912529041             155.7707656278             155.7707656278
              10.5441584596          384613.0000000000       368104390.9526003003       251949158.9402647316             151.9228073770             155.6714220374             155.6714220374
              10.6096501271          365976.0000000000       365328581.9332358837       251129721.5491519272             151.9536056554             154.7776434511             154.7776434511
              10.6751417945          349022.0000000000       362514515.2091635466       250298990.2276868820             151.9844554799             155.9729594595             155.9729594595
              10.7406334620          331406.0000000000       359742957.0458778739       249480807.7177243531             152.0144787883             156.9055977131             156.9055977131
              10.8061251294          313626.0000000000       356924639.4657268524       248648821.5151090622             152.0446482620             158.0010312175             158.0010312175
              10.8716167969          295623.0000000000       354153081.3024411201       247830639.0051465034             152.0739690176             160.1646399584             160.1646399584
              10.9371084643          276875.0000000000       351117880.7573274970       246769467.5040961206             152.1033924286             164.2846351351             164.2846351351
              11.0026001318          258477.0000000000       347822034.4074276686       245404932.2774440348             152.1320354928             168.0569729730             168.0569729730
              11.0680917992          239195.0000000000       344475638.2668851614       244019468.5963954329             152.1607827369             169.1841621622             169.1841621622
              11.1335834667          220563.0000000000       341179791.9169852734       242654933.3697433174             152.1887713180             166.0005343035             166.0005343035
              11.1990751341          201139.0000000000       337833395.7764428258       241269469.6886947453             152.2168654201             163.8546392931             163.8546392931
              11.2645668016          183289.0000000000       334537549.4265428782       239904934.4620425999             152.2442216792             165.7435415800             165.7435415800
              11.3300584690          162140.0000000000       331186098.3069361448       238517377.9355543554             152.2717258805             167.5551850312             167.5551850312
              11.3955501365          141059.0000000000       327839702.1663935781       237131914.2545057535             152.2988784124             169.3131633715             169.3131633715
              11.4610418039          120062.0000000000       324543855.8164937496       235767379.0278536677             152.3253228956             170.9971009365             170.9971009365
              11.5265334714           97499.5000000000       321197459.6759512424       234381915.3468050361             152.3518755451             173.0262723493             173.0262723493
              11.5920251388           74583.1000000000       317901613.3260513544       233017380.1201529205             152.3777389909             174.0444099318             174.0444099318
              11.6575168063           50602.7000000000       314555217.1855087876       231631916.4391043186             152.4037114064             174.0493491729             174.0493491729
              11.7230084737           25966.3000000000       311259370.8356089592       230267381.2124522328             152.4290127428             174.0542138030             174.0542138030
              11.7885001412           11576.8000000000       307912974.6950664520       228881917.5314036012             152.4544237242             174.0591530441             174.0591530441
              11.8539918086           24835.4000000000       304612073.3661022782       227515289.4593118429             152.4792188345             174.0640251353             174.0640251353
              11.9194834761           50009.0000000000       301265677.2255598307       226129825.7782632709             152.5040859720             174.0689643764             174.0689643764
              11.9849751435           75687.1000000000       297969830.8756599426       224765290.5516111553             152.5283162714             174.0738290065             174.0738290065
              12.0504668110           99890.4000000000       295407799.6524329782       222893698.8579940498             152.5526572214             174.0787682476             174.0787682476
              12.1159584784          124807.0000000000       293211750.9930486679       220847538.9771599174             152.5763775012             174.0836328777             174.0836328777
              12.1814501459          149325.0000000000       290982020.6057596803       218769996.2760675550             152.6002087787             174.0885721188             174.0885721188
              12.2469418133          171198.0000000000       288752290.2184706926       216692453.5749751925             152.6237893193             174.0935113598             174.0935113598
              12.3124334808          195299.0000000000       286552873.3862959146       214643155.4121151865             152.6468074685             174.0983834511             174.0983834511
              12.3779251482          217358.0000000000       284323142.9990069270       212565612.7110228240             152.6699015325             174.1033226921             174.1033226921
              12.4434168157          241140.0000000000       282127094.3396226764       210519452.8301886916             152.6924128890             174.1081873223             174.1081873223
              12.5089084831          261940.0000000000       279897363.9523336887       208441910.1290963292             152.7150357206             174.1131265633             174.1131265633
              12.5744001506          283516.0000000000       277701315.2929493189       206395750.2482621372             152.7370900618             174.1179911935             174.1179911935
              12.6398918180          299947.0000000000       275471584.9056603909       204318207.5471698344             152.7592559295             174.1229304345             174.1229304345
              12.7053834855          313438.0000000000       273275536.2462760806       202272047.6663356423             152.7808670240             174.1277950647             174.1277950647
              12.7708751529          318006.0000000000       271042437.6861966252       200191366.6832174659             152.8026222741            -231.8356798337             174.1327417668
              12.8363668204          319121.0000000000       268849757.1996027827       198148345.0844091475             152.8237706959            -219.4534293139             174.1375989359
              12.9018584878          310764.0000000000       266616658.6395233572       196067664.1012909710             152.8450951928            -210.6000478170             174.1425456380
              12.9673501553          302255.0000000000       264420609.9801390171       194021504.2204567790             152.8658586254            -222.4695654886             174.1474102682
              13.0328418227          289127.0000000000       262190879.5928500295       191943961.5193644166             152.8867333396            -229.9513513514             174.1523495092
              13.0983334902          269684.0000000000       259961149.2055610418       189866418.8182720542             152.9074023694            -232.2925966736             174.1572887503
              13.1638251576          257235.0000000000       257765100.5461767614       187820258.9374379218             152.9275610713            -221.6986133056             174.1621533804
              13.2293168251          243099.0000000000       255839371.7746182084       185925156.8494696319             152.9478612072            -216.9793485952             174.1671000826
              13.2948084925          237420.0000000000       254556226.4349657595       184431280.0722184181             152.9676018065            -215.6444688150             174.1719572516
              13.3603001600          229186.0000000000       253249428.6466560960       182909866.3958474100             152.9875134551            -212.9449147609             174.1769039538
              13.4257918275          229500.0000000000       251964312.2696155906       181413694.8770029247             153.0069076759            -218.0118773389             174.1817685839
              13.4912834949          227646.0000000000       250659485.5186940432       179894575.9422252178             153.0264122722            -219.9025925156             174.1867078250
              13.5567751624          231858.0000000000       249372398.1042653918       178396109.6817873716             153.0454696340            -201.0796299376             174.1915799162
              13.6222668298          233430.0000000000       248069542.3907319605       176879285.4886030257             153.0645789188            -202.4986943867             174.1965116962
              13.6877584973          236965.0000000000       246782454.9763033092       175380819.2281651795             153.0832800855            -206.8879345114             174.2013837874
              13.7532501647          235253.0000000000       245479599.2627698481       173863995.0349808037             153.1020338631            -204.5002266112             174.2063155674
              13.8187418322          232388.0000000000       244192511.8483412266       172365528.7745429873             153.1203887234            -198.6648178980             174.2111876586
              13.8842334996          226639.0000000000       242887685.0974196792       170846409.8397652805             153.1388245373             -91.4940790021             174.2161268997
              13.9497251671          213866.0000000000       241582858.3464981616       169327290.9049875736             153.1570895457             177.2985654886             174.2210661407
              14.0152168345          206055.0000000000       240297741.9694575965       167831119.3861430585             153.1749139896             -56.2881933472             174.2259307709
              14.0807085020          190968.0000000000       238992915.2185360491       166312000.4513653517             153.1928469207            -199.9976507277             174.2308700119
              14.1462001694          181477.0000000000       237705827.8041074276       164813534.1909275651             153.2103754837            -190.4259740125             174.2357421032
              14.2116918369          167519.0000000000       236401001.0531858802       163294415.2561498284             153.2279850652            -190.9094740125             174.2406813442
              14.2771835043          161196.0000000000       235115884.6761453152       161798243.7373053133             153.2451727424            -188.1553887734             174.2455459744
              14.3426751718          151694.0000000000       233811057.9252237976       160279124.8025276661             153.2624678736            -183.4603694069             174.2504852154
              14.4081668392          150070.0000000000       232523970.5107951462       158780658.5420898199             153.2793757745            -191.0347617066             174.2553573067
              14.4736585067          145373.0000000000       231221114.7972617149       157263834.3489054143             153.2963390211            -186.9417359667             174.2602890866
              14.5391501741          147305.0000000000       229970043.0857611895       155810282.7246614695             153.3129236618            -165.8549404019             174.2651537168
              14.6046418416          145080.0000000000       228991847.7636438310       154700067.7061961293             153.3296146319             -85.2632072072             174.2700929578
              14.6701335090          147304.0000000000       228026951.1694706380       153604946.2453836501             153.3459344647              -5.7671320166             174.2749650491
              14.7356251765          145096.0000000000       227048755.8473532796       152494731.2269183099             153.3623349339              74.8246011781             174.2799042901
              14.8011168439          146094.0000000000       226085336.8896183670       151401286.8280673027             153.3783475008             154.1989365904             174.2847689203
              14.8666085114          143664.0000000000       225107141.5675010085       150291071.8096019626             153.3944651967             173.9310738046             173.9310738046
              14.9321001788          148618.0000000000       224143722.6097660959       149197627.4107508957             153.4102028618             173.0992955255             173.0992955255
              14.9975918463          155547.0000000000       223164049.6512104869       148085735.3303241432             153.4260688592             171.3276160250             171.3276160250
              15.0630835137          166011.0000000000       222187331.9655313790       146977197.3738202751             153.4417510580             169.9927463617             169.9927463617
              15.1285751812          187541.0000000000       221222435.3713582158       145882075.9130077958             153.4571118816             168.4917494802             168.4917494802
              15.1940668486          209520.0000000000       220245717.6856791079       144773537.9565038681             153.4725293977             166.5080623701             166.5080623701
              15.2595585161          240748.0000000000       219280821.0915059447       143678416.4956914186             153.4876320506             164.0614085239             164.0614085239
              15.3250501835          265401.0000000000       218302625.7693885863       142568201.4772260785             153.5028143631             161.7652993763             161.7652993763
              15.3905418510          296626.0000000000       217339206.8116536438       141474757.0783750415             153.5176424597             159.7943887734             159.7943887734
              15.4560335184          314320.0000000000       216359533.8530980647       140362864.9979482889             153.5325952336             158.7928024948             158.7928024948
              15.5215251859          335070.0000000000       215396114.8953631520       139269420.5990972519             153.5471780438             158.2860437045             158.2860437045
              15.5870168533          336941.0000000000       214417919.5732457936       138159205.5806319118             153.5618623968             158.1854230769             158.1854230769
              15.6525085208          339473.0000000000       213454500.6155108511       137065761.1817808449             153.5762061341             157.7875810811             157.7875810811
              15.7180001882          319184.0000000000       212476305.2933934927       135955546.1633155346             153.5906507309             156.8045852391             156.8045852391
              15.7834918557          303480.0000000000       211512886.3356585801       134862101.7644644976             153.6047612243             155.5490322245             155.5490322245
              15.8489835231          273636.0000000000       210534691.0135412216       133751886.7459991574             153.6189718868             155.1051756757             155.1051756757
              15.9144751906          230729.0000000000       209555018.0549856126       132639994.6655724049             153.6330880429             153.7219729730             153.7219729730
              15.9799668580          187310.0000000000       208591599.0972507000       131546550.2667213380             153.6468581764             152.2610415800             152.2610415800
              16.0454585255          131371.0000000000       206411112.3406900764       130084892.2660863996             153.6607274296             152.2211288981             152.2211288981
              16.1109501929           75351.6000000000       204089124.8989741504       128594323.3882499039             153.6742781100             152.9317117586             152.9317117586
              16.1764418604           15115.5000000000       201731524.1529375315       127080893.0245570540             153.6879272065             153.3858461538             153.3858461538
              16.2419335278          -28400.9000000000       199409536.7112216353       125590324.1467205435             153.7012636365             152.4830769231             152.4830769231
              16.3074251953          -59197.0000000000       197051935.9651848674       124076893.7830276191             153.7146977751             152.8408596674             152.8408596674
              16.3729168627          -82973.4000000000       194729948.5234690905       122586324.9051911831             153.7278249940             153.6991902287             153.6991902287
              16.4384085302          -94690.1000000000       192368786.4470002651       121070608.3929126263             153.7410691084             154.9790145530             154.9790145530
              16.5039001976          -99379.4000000000       190046799.0052843690       119580039.5150761157             153.7539918455             156.1158170478             156.1158170478
              16.5693918651          -92374.6000000000       187689198.2592477500       118066609.1513832808             153.7670108674             152.5051829522             152.5051829522
              16.6348835325         -116421.0000000000       185367210.8175318241       116576040.2735467702             153.7797340118             142.5672661123             142.5672661123
              16.7003752000         -116421.0000000000       183009610.0714952052       115062609.9098539203             153.7925527266             134.7653839750             134.7653839750
